espanholBasico <- 169+12+9+8+2+4
espanholINter<- 109+15+4+2+1+1
espanhosemnivel <- 146+22+2+1
francesBasico <- 36+10+1+1+6+1+1
alemaoBasico <- 34+12+5
francessemnivel <- 27+8+2
espanholAvancado <- 28
alemaosemnivel <- 25+9+2+2
francesintermed<-25
japonesbasico <- 27
ingles <- 15+2+1
francesavan <- 14
italiano <- 18