face <- 1711+32+6+2+2+2+18 
amigo <- 972+564+49+46+4+3+2+2+2+2+2+13 ##Ref total
unicamp <- 237+10+5+3+3+3+2+2+2+2+14
ciee <- 183+7+5+2+2+1+7
email <- 120+6+3+3+2+9
escola <- 119+2+2+10
email <- email + 84+4+3+2+2+2+11
faculd <- 60+3+2+2+2+13+47+4+3+2+11
tv <-36+2+1+1+25+9+7+2+10
internet <- 24+1+1
mte <- 23+2+10
faculd<- faculd + 19 +2 +3
divulgação <- 19+14+5+3+3+2+2+2+2+28
famili <- 13
famili <- 13+7+3+6+2+1+1+1
whats <- 9
camila <- 1
algodaodoce <- 7
